0 197 239 165 262 745 256 209 257 317 524 252 251 599 253
197 0 274 80 268 552 277 143 293 157 386 292 283 508 281
239 274 0 195 32 635 21 411 21 429 345 19 12 365 13
165 80 195 0 190 577 199 217 214 235 373 214 204 495 203
262 268 32 190 0 603 16 406 49 424 314 47 26 339 21
745 552 635 577 603 0 618 695 605 653 346 651 630 438 624
256 277 21 199 16 618 0 415 41 433 328 39 15 351 7
209 143 411 217 406 695 415 0 430 151 529 429 420 651 418
257 293 21 214 49 605 41 430 0 449 333 11 25 362 32
317 157 429 235 424 653 433 151 449 0 518 448 438 638 434
524 386 345 373 314 346 328 529 333 518 0 339 341 124 334
252 292 19 214 47 651 39 429 11 448 339 0 25 371 32
251 283 12 204 26 630 15 420 25 438 341 25 0 354 7
599 508 365 495 339 438 351 651 362 638 124 371 354 0 357
253 281 13 203 21 624 7 418 32 434 334 32 7 357 0